=== Spark Session Started ===
=== Dataset Loaded From HDFS ===
Total Rows: 6827
=== Cleaned Dataset Count ===
Clean Rows: 5965
=== Label Distribution ===
+-----+-----+
|label|count|
+-----+-----+
|  0.0| 2980|
|  1.0| 2985|
+-----+-----+

=== Processed Data Saved as Parquet in HDFS ===
=== TF-IDF Features Ready ===
+---------------------------------------------------------------------------------------------------------------------------------------------------------------------------------------------------------------------------------------------------------------------------------------------------------------------------------------------------------------------------------------------------------------------------------------------------------------------------------------------------------------------------------------------------------------------------------------------------------------------------------------------------------------------------------------------------------------------------------------------------------------------------------------------------------------------------------------------------------------------------------------------------------------------------------------------------------------------------------------------------------------------------------------------------------------------------------------------------------------------------------------------------------------------------------------------------------------------------------------------------------------------------------------------------------------------------------------------------------------------------------------------------------------------------------------------------------------------------------------------------------------------------------------------------------------------------------------------------------------------------------------------------------------------------------------------------------------------------------------------------------------------------------------------------------------------------------------------------------------------------------------------------------------------------------------------------------------------------------------------------------------------------------------------------------------------------------------------------------------------------------------------------------------------------------------------------------+-----+
|features                                                                                                                                                                                                                                                                                                                                                                                                                                                                                                                                                                                                                                                                                                                                                                                                                                                                                                                                                                                                                                                                                                                                                                                                                                                                                                                                                                                                                                                                                                                                                                                                                                                                                                                                                                                                                                                                                                                                                                                                                                                                                                                                                                                                 |label|
+---------------------------------------------------------------------------------------------------------------------------------------------------------------------------------------------------------------------------------------------------------------------------------------------------------------------------------------------------------------------------------------------------------------------------------------------------------------------------------------------------------------------------------------------------------------------------------------------------------------------------------------------------------------------------------------------------------------------------------------------------------------------------------------------------------------------------------------------------------------------------------------------------------------------------------------------------------------------------------------------------------------------------------------------------------------------------------------------------------------------------------------------------------------------------------------------------------------------------------------------------------------------------------------------------------------------------------------------------------------------------------------------------------------------------------------------------------------------------------------------------------------------------------------------------------------------------------------------------------------------------------------------------------------------------------------------------------------------------------------------------------------------------------------------------------------------------------------------------------------------------------------------------------------------------------------------------------------------------------------------------------------------------------------------------------------------------------------------------------------------------------------------------------------------------------------------------------+-----+
|(4098,[93,94,172,382,471,511,558,601,616,638,830,887,901,995,1152,1203,1223,1235,1239,1326,1366,1476,1505,1562,1604,1609,1694,1743,1769,1792,1801,1983,2063,2078,2279,2285,2356,2584,2602,2619,2646,2717,2797,2817,2882,2961,2987,3016,3022,3109,3148,3203,3262,3288,3315,3433,3448,3458,3505,3583,3589,3591,3687,3791,3875,3930,3938,4012,4085,4096,4097],[11.069656977387703,3.631236932047727,5.723898975582354,5.803460207178529,3.0102521977360124,3.234246450930535,4.205195595342554,1.8032228449275274,3.106583306674444,3.0136593560576266,9.524012664700736,3.4157173058441765,4.458487322769465,1.2834848672536696,2.2641124870355567,4.182972458557844,2.2657266923900976,3.2215612914032192,3.370821985936286,9.819890897407223,4.251180708584378,3.6966196913105787,4.633388954528274,1.6572880217744528,2.8473931900169696,3.889810920341437,3.4898252779978987,3.5818441767181506,3.184443628446717,3.2688819475932913,5.030270318945047,3.857550058123216,4.35002654322101,0.14069264688498734,14.595571705756797,3.9933515992822777,1.4214335725046476,5.0049525109607576,4.0309797008407235,4.194022294744429,3.034349749315073,3.834019560713022,0.4084310828573818,3.8735503994696567,2.8416294853002193,3.4898252779978987,10.81870688952693,10.24715191753253,4.172043388025654,2.2276872408370743,4.504177223048268,5.110313026618583,8.478969337642372,5.602789511716378,2.7484113564681185,1.9652033519899923,4.519444695179057,3.1141021390884718,3.6439759578251567,4.098712114940104,4.3371231383851025,4.582958100901383,0.872188838834712,2.6025220829969955,2.774938110801547,3.341973831598627,4.194022294744429,3.6699514442284173,3.9402417739683293,93.0,5.43010752688172])                                                                                                                                                                                                                                                                                                                                                                                                                                                                                          |0.0  |
|(4098,[87,326,389,392,587,605,607,672,673,798,944,949,1107,1149,1237,1251,1456,1483,1535,1546,1562,1627,1659,1660,1849,1858,1935,1981,2001,2047,2084,2100,2332,2368,2429,2433,2567,2582,2586,2682,2710,2794,2797,2950,3025,3047,3283,3412,3454,3455,3482,3700,3712,3757,3787,3812,3819,3942,4000,4012,4021,4096,4097],[2.4752318453829645,5.435735427053212,3.2601099615204543,1.179032204586023,3.9402417739683293,3.370821985936286,2.644098509842736,7.533156559834978,4.459725460477435,3.6062356298423097,6.118084723810888,3.7102253433663575,2.8217141755992783,2.2292436613847326,4.274991357278096,3.587886491174113,1.9497727787633465,3.745072074696526,3.80348283685294,8.674246276770205,1.6572880217744528,3.420832406510947,2.7276852259510016,4.403372523926302,9.645261908333605,1.471265946252523,3.0917131441949928,4.35002654322101,2.413436126114499,2.02053399730704,4.504177223048268,1.6072475039294658,3.9576335166801986,2.861949487791177,12.177308930535176,4.566697580029603,4.723540051522572,3.4055649343801586,2.630046756387086,3.6439759578251567,3.7959921651237822,3.766578279917489,0.2042155414286909,4.274991357278096,4.822630954166803,2.5347365765827607,4.239484668821186,3.587886491174113,6.103849788273161,3.9402417739683293,3.9933515992822777,9.447080103045144,4.129483773606857,4.489139345683728,3.818634641873542,4.084520182969934,2.4872560383497664,4.011700737950474,3.663394043682258,3.6699514442284173,3.7738510392465687,86.0,5.465116279069767])                                                                                                                                                                                                                                                                                                                                                                                                                                                                                                                                                                                                                                                                                           |1.0  |
|(4098,[1,20,31,122,211,253,311,489,560,578,598,601,633,690,720,722,770,821,843,846,906,977,1135,1201,1223,1235,1562,1602,1631,1675,1704,1742,1780,1817,1824,1839,1870,1967,1999,2008,2014,2030,2067,2078,2100,2128,2236,2317,2322,2374,2436,2442,2474,2546,2585,2602,2619,2638,2797,2830,2848,2964,3017,3019,3059,3118,3122,3200,3215,3220,3357,3532,3546,3577,3600,3624,3687,3826,3950,3973,4057,4061,4096,4097],[3.9402417739683293,2.7098956843875035,2.7276852259510016,4.742588246493266,3.495334933808868,2.7098956843875035,1.1039904528920363,2.3412025687551274,2.182086635429966,3.7521895424653895,4.03987161491717,1.8032228449275274,9.434267640538422,3.506446159233939,3.80348283685294,3.9933515992822777,4.582958100901383,2.4653209614835108,2.8737490347223322,11.478892543857334,4.865190568585599,6.1468621987150875,1.4574926223203502,4.119120986571311,2.2657266923900976,3.2215612914032192,2.485932032661679,8.381803834476607,2.9038717941774403,4.723540051522572,2.856101517908754,4.650780697240144,3.569867985671435,8.258967547213715,3.4055649343801586,3.5347766658601647,3.724018665498693,4.534948881715022,9.37646238394079,1.516813199164794,4.6162945211689745,4.00248408284555,2.481225869323175,0.2813852937699747,0.8036237519647329,3.7593580319440023,4.909642331156433,2.8416294853002193,2.524221232583238,3.8496448786161026,3.188500429142331,2.673827445437346,2.8531903077012957,3.4005271403502015,3.9576335166801986,4.0309797008407235,4.194022294744429,3.6000817642679315,0.6126466242860726,2.5432291966284146,10.871470854106423,12.753542125753132,4.161232471921438,4.376343851538383,3.048385067431456,2.90081835669055,3.5176822325008645,9.50513707782873,7.637269283747084,2.990049490418493,3.552168408572034,3.351497713109883,4.239484668821186,5.540666476467943,3.6699514442284173,3.2007705217341456,0.872188838834712,3.6568793626610647,4.742588246493266,3.234246450930535,2.3517105463535426,3.8735503994696567,117.0,5.769230769230769])                                                                                                                                                                                       |1.0  |
|(4098,[7,19,27,174,202,259,263,312,317,328,340,429,481,535,570,723,806,813,871,901,918,995,1197,1238,1259,1326,1455,1538,1562,1615,1718,1759,1772,1867,1878,2007,2042,2051,2078,2128,2184,2212,2287,2333,2356,2418,2431,2442,2449,2507,2627,2692,2751,2797,2850,2898,3038,3165,3194,3204,3422,3426,3430,3504,3505,3513,3629,3735,3815,3862,3885,4027,4067,4087,4096,4097],[4.311805330400812,4.182972458557844,3.6765521282597695,3.8655182277723927,3.9664441463623534,4.363098624788363,2.8947393106141677,3.6062356298423097,4.049441065933321,5.13848390358528,3.4573900022447446,3.923147340609029,6.990669867617736,4.865190568585599,5.048442465166476,3.209035031584039,4.324384112607672,2.240206966182002,4.311805330400812,2.2292436613847326,4.550697238683161,1.2834848672536696,1.9967977174082094,1.717483894626945,3.1644028775632704,3.273296965802408,4.049441065933321,3.7593580319440023,1.6572880217744528,5.435735427053212,2.075092981557474,2.2015921300542227,2.447725199593131,10.262497219532841,3.8735503994696567,3.5347766658601647,4.172043388025654,3.857550058123216,0.7034632344249367,3.7593580319440023,3.017078162806412,3.495334933808868,3.3002044187223323,4.909642331156433,4.264300717513943,4.686498779842223,2.4516086996195288,1.336913722718673,3.184443628446717,3.80348283685294,4.474324259898587,8.70005308644202,4.22792384642011,0.4084310828573818,3.8496448786161026,3.6504068481554475,3.0917131441949928,4.22792384642011,2.9192804195302857,2.7722535454308783,4.566697580029603,2.9192804195302857,4.088661779086602,3.4612839584089126,3.6439759578251567,3.9933515992822777,2.7023674179667116,3.7738510392465687,7.950666187559198,4.182972458557844,4.172043388025654,2.8473931900169696,3.80348283685294,2.0017482225680654,104.0,4.913461538461538])                                                                                                                                                                                                                                                                                                                                                                                     |0.0  |
|(4098,[65,70,135,138,210,297,392,396,417,489,515,534,570,580,600,640,648,821,854,855,963,991,1039,1069,1123,1135,1190,1241,1283,1324,1339,1381,1445,1490,1546,1562,1589,1719,1757,1952,2008,2047,2056,2057,2075,2078,2082,2100,2101,2296,2304,2422,2431,2451,2455,2548,2579,2583,2634,2639,2729,2771,2797,2845,2973,2999,3169,3229,3261,3307,3326,3461,3469,3476,3504,3512,3520,3577,3666,3687,3701,3740,3783,3840,3859,3925,3980,4038,4048,4051,4096,4097],[1.809345313031911,2.6899448979681546,2.589038732659709,3.7593580319440023,3.1408723801530765,4.363098624788363,1.179032204586023,3.0988495695071094,3.506446159233939,2.3412025687551274,4.566697580029603,3.7102253433663575,2.524221232583238,4.566697580029603,7.699289757232205,2.9800991595653246,3.506446159233939,2.4653209614835108,2.864886347464487,7.08108074115383,1.8597232262608552,3.356293885373376,4.078711448233435,2.6116130546982474,3.234246450930535,1.4574926223203502,2.838760042872267,3.569867985671435,2.7302526214562475,2.8160961832950546,4.6162945211689745,2.1413240780401037,4.70484791851042,2.6583505325499375,4.3371231383851025,1.6572880217744528,3.923147340609029,6.600408837444665,7.384151845572513,3.52904599115118,1.516813199164794,4.04106799461408,2.0067233572081795,5.558337749145544,2.2245816482789214,0.2813852937699747,2.135634162262425,0.8036237519647329,3.923147340609029,4.00248408284555,6.968691624466546,0.5967100341559829,2.4516086996195288,4.781808959646548,4.665058975003397,2.4535561199039244,2.6093325519995227,4.550697238683161,4.445336723025335,7.200163528535863,3.144755880179474,4.723540051522572,0.8168621657147636,2.9038717941774403,3.327855950052842,3.7033993782959578,2.463350517496212,3.264486336120253,2.538973871058276,1.3465322643315298,4.26301516623138,4.049441065933321,2.4171884757330493,2.9412593262490607,1.7306419792044563,2.026875172645487,4.519444695179057,1.8468888254893143,2.6370479518460694,2.616566516504136,2.3412025687551274,3.264486336120253,3.341973831598627,5.197324403608214,2.57793983959166,3.180403218909712,3.5818441767181506,4.324384112607672,3.540540370576915,2.0552641759081736,121.0,5.404958677685951])|1.0  |
+---------------------------------------------------------------------------------------------------------------------------------------------------------------------------------------------------------------------------------------------------------------------------------------------------------------------------------------------------------------------------------------------------------------------------------------------------------------------------------------------------------------------------------------------------------------------------------------------------------------------------------------------------------------------------------------------------------------------------------------------------------------------------------------------------------------------------------------------------------------------------------------------------------------------------------------------------------------------------------------------------------------------------------------------------------------------------------------------------------------------------------------------------------------------------------------------------------------------------------------------------------------------------------------------------------------------------------------------------------------------------------------------------------------------------------------------------------------------------------------------------------------------------------------------------------------------------------------------------------------------------------------------------------------------------------------------------------------------------------------------------------------------------------------------------------------------------------------------------------------------------------------------------------------------------------------------------------------------------------------------------------------------------------------------------------------------------------------------------------------------------------------------------------------------------------------------------------+-----+
only showing top 5 rows

=== Train / Validation / Test Split ===
Train: 4231
Validation: 864
Test: 870
=== Model Training and Evaluation ===

--- Logistic Regression ---
Accuracy = 0.9137931034482759
F1 Score = 0.9137617565221554
ROC-AUC = 0.9724542225229474
Confusion Matrix:
+-----+----------+-----+
|label|prediction|count|
+-----+----------+-----+
|  1.0|       1.0|  410|
|  0.0|       1.0|   43|
|  1.0|       0.0|   32|
|  0.0|       0.0|  385|
+-----+----------+-----+


--- Random Forest ---
Accuracy = 0.8689655172413793
F1 Score = 0.8689738277012047
ROC-AUC = 0.9539846492155443
Confusion Matrix:
+-----+----------+-----+
|label|prediction|count|
+-----+----------+-----+
|  1.0|       1.0|  382|
|  0.0|       1.0|   54|
|  1.0|       0.0|   60|
|  0.0|       0.0|  374|
+-----+----------+-----+


--- Linear SVM ---
Accuracy = 0.9367816091954023
F1 Score = 0.9367843658877741
ROC-AUC = 0.9822493339535716
Confusion Matrix:
+-----+----------+-----+
|label|prediction|count|
+-----+----------+-----+
|  1.0|       1.0|  413|
|  0.0|       1.0|   26|
|  1.0|       0.0|   29|
|  0.0|       0.0|  402|
+-----+----------+-----+

=== Spark Session Stopped ===
